10.78
10.2
9.86
9.83
9.82
9.73
9.42
9.41
9.35
9.01
9.01
8.97
8.81
8.67
8.57
8.4
8.4
8.03
7.99
7.93
7.9
7.84
7.83
7.74
7.58
7.5
7.18
7.18
7.16
7.12
7.05
6.92
6.91
6.9
6.83
6.83
6.74
6.74
6.7
6.7
6.59
6.58
6.58
6.54
6.53
6.5
6.39
6.37
6.37
6.3
6.28
6.24
6.23
6.13
6.09
6.03
6.01
6
5.99
5.91
5.88
5.81
5.71
5.71
5.67
5.63
5.61
5.61
5.57
5.56
5.56
5.49
5.45
5.45
5.45
5.44
5.43
5.42
5.42
5.41
5.36
5.34
5.33
5.3
5.27
5.25
5.24
5.24
5.24
5.2
5.19
5.12
5.12
5.05
4.99
4.94
4.94
4.9
4.89
4.87
4.87
4.84
4.84
4.77
4.75
4.71
4.65
4.63
4.53
4.52
4.51
4.51
4.5
4.39
4.39
4.36
4.34
4.33
4.32
4.3
4.27
4.23
4.23
4.23
4.22
4.2
4.17
4.15
4.13
4.1
4.05
4.03
4
3.98
3.97
3.97
3.9
3.87
3.84
3.81
3.76
3.72
3.67
3.65
3.65
3.63
3.59
3.53
3.52
3.51
3.44
3.44
3.43
3.43
3.42
3.42
3.41
3.4
3.36
3.35
3.32
3.31
3.3
3.3
3.3
3.26
3.24
3.23
3.22
3.21
3.19
3.18
3.17
3.15
3.14
3.12
3.08
3.07
3.03
3.01
3.99
3.85
3.6
3.55
3.51
3.23
3.16
2.98
2.91
2.88
2.88
2.85
2.84
2.84
2.81
2.8
2.78
2.78
2.77
2.77
2.77
2.75
2.72
2.68
2.67
2.67
2.61
2.6
2.6
2.59
2.59
2.55
2.51
2.5
2.46
2.45
2.44
2.44
2.41
2.4
2.4
2.36
2.34
2.32
2.32
2.3
2.29
2.27
2.25
2.19
2.17
2.14
2.12
2.11
2.1
2.1
2.09
2.06
2.05
2.03
2
1.99
1.96
1.93
1.92
1.91
1.91
1.88
1.87
1.87
1.86
1.84
1.79
1.78
1.78
1.66
1.64
1.64
1.63
1.58
1.51
1.4
1.4
1.27
1.24
1.23
1.2
1.17
1.11
1.575 
3.634 
1.440 
3.770 
3.870 
3.947 
2.541 
3.963 
3.317 
2.828 
2.330 
1.990 
1.300 
2.963 
3.283 
1.721 
2.589 
2.816 
2.913 
2.856 
3.128 
3.552 
3.398 
2.644 
2.905 
3.752 
4.527 
4.731 
4.763 
3.772 
2.891 
3.888 
4.263 
1.996 
3.192 
5.633 
3.180 
2.590 
2.135 
3.390 
2.51
2.03
2.16
7.9
3.27
3.53
2.15
3.08
2
5.22
3.83
4.01
2.03
2.67
5.54
5.8
4.06
3.81
4.850 
3.530 
3.308 
8.505 
6.943 
5.667 
5.557 
5.161 
3.058 
3.140 
5.703 
6.928 
7.331 
6.583 
5.000 
6.482 
6.541 
8.046 
7.918 
8.750 
7.367 
7.013 
7.702 
6.955 
8.175 
5.868 
5.802 
5.616 
6.300 
5.683 
8.269 
4.143 
3.951 
6.750 
4.819 
6.330 
8.372 
7.255 
6.118 
5.915 
8.850 
12.112 
9.409 
3.784 
3.606 
9.440 
4.380 
7.733 
8.053 
5.750 
3.132 
3.174 
3.009 
4.495 
5.204 
5.530 
6.010 
8.539 
7.958 
4.082 
6.586 
8.172 
5.737 
5.991 
5.226 
8.085 
8.756 
8.154 
8.308 
7.558 
7.636 
6.893 
7.246 
3.515 
10.062 
3.254 
8.562 
9.644 
6.967 
6.494 
6.913 
6.568 
7.860 
7.121 
4.115 
3.654 
3.985 
6.806 
7.215 
5.58
4.4
5.02
3.2
3.77
3.82
4.73
4.46
8.2
6
4.56
4.46
3.1
5.46
3.37
3.78
5.33
3.73
3.24
4.9
5.91
4.2
5.85
5.93
6.71
6.78
9.63
5.21
6.81
5.41
3.84
3.96
3.57
6.69
8.27
4.97
5.93
4.83
5.21
4.64
5.74
4.03
4.39
5.12
5.29
7.91
8.6
5.8
4.17
7.84
7.94
6.88
8.3
9.08
6.95
8.12
7.9
9.2
9.18
7.47
6.59
9.5
9.7
9.4
8.23
5.23
8.36
6.71
6.17
5.78
8.91
5.1
7.5
5.93
8.19
3.81
7.9
4.1
6.68
3.64
7.23
9.5
9.7
9.4
3.8
4.63
4.52
3.9
3.86
4.83
4.76
5.6
5.8
5.41
6.13
5.42
5.13
5.22
5.11
5.79
4.52
5.75
6.8
5.08
5.29
6
5.98
7.77
6.13
4.02
3.62
4.5
4.22
4.8
4.65
5.61
